100 119
95 69
16 42
43 40
38 64
99 91
40 3
14 32
29 58
5 72
47 84
39 26
96 41
22 73
27 35
59 26
57 53
46 73
47 40
12 84
4 62
26 43
75 45
97 31
68 95
14 58
20 61
51 93
33 77
80 91
54 36
96 99
8 42
38 71
77 41
85 2
84 1
93 10
97 41
36 5
74 7
65 24
52 50
52 31
66 87
80 92
48 8
85 32
62 20
32 54
29 28
95 20
44 82
24 69
44 39
21 81
99 87
19 53
96 11
6 80
43 67
73 79
54 67
98 49
17 87
13 60
78 1
33 4
36 52
50 55
62 7
35 4
29 98
64 34
16 61
82 15
86 98
9 30
50 14
17 15
86 76
31 27
93 17
30 70
53 10
67 16
27 1
30 64
76 83
19 66
35 47
8 11
85 97
25 83
44 38
3 82
61 89
42 94
91 51
94 34
83 45
76 24
12 66
100 78
65 70
58 37
15 72
72 19
6 28
70 71
9 63
69 77
10 74
55 74
56 48
100 23
60 59
18 59
49 22
5 34
