81 97
67 56
42 43
16 67
8 65
68 57
76 9
40 5
29 35
72 65
25 15
42 19
40 12
8 32
30 68
51 48
53 37
38 14
79 53
15 21
36 17
77 47
25 51
51 53
5 41
52 45
72 28
63 30
39 5
77 68
7 47
18 7
7 15
76 37
52 46
54 47
11 78
33 78
37 36
16 27
80 78
24 23
33 9
32 66
16 25
10 67
71 63
76 80
12 60
30 66
26 28
81 13
4 39
56 52
21 81
63 19
41 73
18 69
69 77
59 81
29 58
29 32
31 14
31 70
72 21
56 11
62 12
74 79
8 19
18 26
46 3
35 66
45 6
33 75
1 69
10 1
26 57
2 35
23 20
54 13
61 60
23 49
3 79
27 41
17 43
10 55
45 46
43 62
75 80
22 49
6 24
6 31
13 49
39 27
4 57
42 24
17 34
70 50
